x<-c(1,2,3,4)
z<-c(3,4,5,6)
x+z

